<><><><><><><><><><><><><><><><><><>
1
bulbasaur
12
4

100
2
255
false

65

402
580
412
474

231
134
134
166
166
126

0
0
0
0
0
0
25

31
31
31
31
31
31

<><><><><><><><><><><><><><><><><><>
292
shedinja
7
8

100
3
255
false

25

416
450
425
566

1
216
126
96
96
116

0
0
0
0
0
0
25

31
31
31
31
31
31

<><><><><><><><><><><><><><><><><><>
432
purugly
1


100
2
255
false

47

259
492
514
92

283
200
164
164
154
260

0
0
0
0
0
0
25

31
31
31
31
31
31

<><><><><><><><><><><><><><><><><><>
332
cacturne
12
17

100
2
255
false

8

447
402
474
302

281
266
156
266
156
146

0
0
0
0
0
0
25

31
31
31
31
31
31

